Johnson		Marie		174	169	199	187	201	155	178	161
Harris		Joshua		144	  0	155	  0	138	148	137	  0
Weems		Bennet		233	220	216	249	  0	  0	199	228
Hannah		Jack		201	210	211	219	189	203	  0	221
Craig		Preston		192	176	  0	180	161	172	159	195
Robertson	Constance	152	177	163	  0	192	155	147	  0
Petrov		Sergei		177	181	166	172	186	168	171	184
Corder		Teresa		138	  0	125	131	128	117	149	134
Guzman		Lenora		201	193	188	211	198	215	194	204
Simpson		Harley		179	185	  0	172	181	  0	205	211
Landis		Karen		244	251	236	230	227	221	251	247
Mignerey	Louis		  0	188	186	209	191	218	205	217
Singh		Prakesh		144	112	135	128	  0	113	  0	127
Henderson	Bjorn		179	185	192	  0	181	201	205	211
Chen		Susan		  0	202	234	219	209	218	241	222
Meirowsky	Horace		193	177	184	211	199	204	218	193
Munoz		Rie		124	152	109	141	 98	110	129	115
Rasul		Jawad		142	106	118	131	129	  0	136	132
Nguyen		Thi		157	  0	169	141	177	143	150	144
Campbell	Henry		186	162	171	143	169	181	164	189
