32342
16368
04869
27033
28690
04335
22707
27852
28407
27394
30060
02042
29347
25760
28136
05322
30382
12632
29829
21739
27541
07929
00482
30812
13303
28153
23464
22757
00516
02332
32170
03814
10546
24651
06450
17232
14385
27334
07826
25336
28448
05250
01281
05900
26114
06857
17576
09950
30572
07206
14076
09961
17281
24451
20807
06419
24353
05780
28042
25134
00862
08048
05512
14533
20782
02431
01050
28949
32102
24983
20680
19034
30950
02410
31130
08526
26898
07707
16172
11243
01155
12847
01793
08824
10235
24235
14362
31170
14238
28538
17861
04779
08286
12050
23739
00737
03511
05456
26213
23279
10141
23975
22143
03451
27826
18561
30433
23493
31932
03038
09626
27512
26455
14139
14654
27039
21224
03767
32640
24308
04051
08567
02563
06498
27628
08009
00029
20161
23090
12680
22205
23783
17082
23360
23263
19169
03819
09363
09343
28541
17897
05468
01051
24845
19795
17169
09819
04713
08754
30189
13476
16689
07721
10576
25577
06493
07409
27486
26053
12782
05641
24558
28616
18179
32424
27304
19728
21782
02041
17508
11801
31101
03456
32730
10965
15412
18398
16762
11007
09947
06079
11929
10412
19712
32007
22476
00290
10659
03667
08858
18412
30190
01187
30284
20527
23885
12111
12328
24633
12962
25666
08896
17240
02764
16488
09380
11763
24689
19552
29246
10194
09471
22903
26367
28863
25322
10968
20919
04948
21819
16124
26690
06667
06221
19814
07786
06810
22477
19605
25607
02947
07692
05171
03692
06119
10354
28554
28926
26010
25935
13378
26917
00382
32475
12613
24937
26120
06007
02561
04055
20518
06961
20946
29600
22086
19085
31678
22029
30127
25226
29283
21134
02581
01500
27694
10800
25449
19319
20431
26162
28149
05719
15594
03576
08360
06778
03343
29728
09646
13101
24810
24306
28995
28296
03519
04094
15050
29243
32529
28415
03098
07565
24738
23558
23319
03226
09377
27861
24970
24803
14878
06538
10027
29453
01986
07293
29177
20961
32443
02411
04312
12949
23037
24530
13394
13900
23977
07328
18875
10462
10951
03849
03199
07388
31544
29877
16818
02255
23023
08484
20976
18879
11103
13386
13666
12030
06704
09341
26139
29466
15414
08081
19630
17975
00931
01857
23289
19841
20602
03280
18755
15357
13896
12273
10632
26752
18959
09445
17678
01282
03204
26082
30787
23315
17529
29627
00197
12717
23964
02495
29109
16428
08035
18649
16985
21148
20543
07683
10980
00820
06426
26581
17289
11552
15612
08064
06620
31874
30989
02267
12372
16315
08389
11738
07214
24037
19030
10536
13689
05797
08050
01036
03439
28448
09773
11152
07938
28747
05695
16609
28086
06762
00006
18681
01719
12751
15947
32636
06180
18665
22556
20705
04777
11138
24346
16339
02389
03904
09694
14806
17320
11630
04373
07980
13807
10750
29306
00505
21453
27597
04102
24741
28955
18985
11105
24451
09459
13203
07581
17841
25350
12734
23331
16703
16182
28383
29677
13972
03937
08233
25590
07949
24442
31117
18415
15079
27614
03788
18995
06751
05607
17833
23550
16918
00002
15742
03802
28346
29796
20465
08794
15333
15662
03848
06666
12862
19747
25691
28581
00231
00507
13738
13706
26134
00279
12943
15721
02821
13287
12180
05954
22279
24179
12904
31887
32251
01082
04973
31681
19944
03894
22645
30697
32734
27967
11472
20664
04132
06043
06783
18090
24977
14539
26824
28542
12346
25765
17400
20201
05965
05806
04701
26507
11837
27293
06801
22562
00287
17218
24318
22782
26707
21388
21158
11702
00872
15846
19227
24343
23353
15810
21454
20836
28508
03960
18063
02750
12991
02640
19793
15834
15240
08413
12591
27897
10821
15245
06828
14623
03142
08574
10045
12666
15684
25490
30731
14116
03144
32199
07670
18702
10183
08898
01750
19516
05394
26026
20486
09263
14062
13884
08740
12193
10110
25370
31249
32115
26985
05736
00833
19947
13370
00146
26413
13339
24578
09584
13869
27548
13382
32652
19812
13958
07701
28098
24091
22424
04471
07947
31284
31930
06670
28818
18933
11687
24310
29200
20238
04834
07666
01112
22743
10482
25026
17959
03547
13259
30679
17226
11922
01674
26922
06621
30065
29540
31337
02540
14376
30689
30549
09025
11810
31047
19816
01404
00081
09555
14779
26214
01581
19243
03622
21123
21497
16535
20903
23527
32329
10096
16393
11084
14020
10065
27838
10082
09763
28563
03343
09829
10114
05505
11637
24051
18645
08895
22084
01312
13500
26638
25488
23747
26996
26682
05198
04629
24877
28487
05299
12153
03973
10739
02018
03997
22601
20827
21705
01729
25473
16124
14924
13911
29361
31963
28315
16077
07002
09737
19946
17318
02751
11075
23618
30159
14061
20468
07858
06194
08445
29545
04010
12932
03220
31292
12968
26210
20651
27664
02836
06821
09623
06531
31335
28905
05184
24156
18836
14707
27316
21515
24994
22839
23009
02133
30614
22067
08351
03139
12185
32259
26605
28515
31573
23215
13437
31540
14244
27080
04467
17113
19811
18867
22632
23313
22956
20804
15029
20074
08487
17807
28654
08626
21171
08699
11694
31917
23893
09880
19602
19213
23884
08370
16009
27038
25726
08614
14922
13250
08733
06132
16421
01310
11652
32405
23551
00914
00047
05777
18584
17772
11289
24264
22544
10210
30311
15897
17833
27061
02376
05027
21711
24123
21011
08549
24917
19586
11245
01294
17666
20173
04445
13071
13901
17987
04410
10228
01124
14057
02765
17396
21617
08141
30003
01224
17440
09092
13829
04538
05471
05333
19251
19965
18269
15286
19510
25924
16605
26232
01639
01679
28589
06976
14506
16703
00368
32181
12879
14454
06558
15617
22840
08346
10442
07666
23359
15157
18729
30078
03796
17668
17490
10100
18146
02641
09797
32100
07677
05497
00424
27110
31926
11217
18772
03072
24396
03247
25367
01755
07819
09923
22451
00448
16365
14247
17447
25667
04357
02487
28720
08893
04637
17442
11792
12025
29725
00323
26508
24879
11696
07978
31803
27957
27554
32380
21758
14325
24717
09094
20683
08475
14261
28035
28336
05392
12080
22596
22804
31530
07498
31734
13888
21540
25895
16188
25117
07374
07851
28539
30014
18685
30101
13183
15651
27342
01012
03131
02485
23048
11188
22505
29716
28637
13207
02912
00666
10968
11084
05532
19991
20238
23256
08605
03166
22174
16699
10871
09219
18008
26193
05541
11619
15033
01017
18336
01252
16663
19056
26289
21117
20770
17416
16388
10874
31371
07159
00768
11129
06912
19590
18130
15801
